0.00 5327.33 5181.54 8312.19 1815.74 2282.38 2358.61 10127.59 3914.59 4347.88 11521.04 4426.09 8808.52 6054.21 3329.65 6838.07 4795.83 10438.31 8469.33 7462.90 5144.77 3851.45 8076.79 5400.54 7655.96 10893.10 8948.67 4505.05 10167.33 8962.75 6899.87 9487.97 3949.65 10123.66 1435.25 6405.83 6062.78 3339.98 6504.03 6602.62 8459.74 3705.98 4397.70 11025.39 6704.07 727.66 9059.41 3211.82 5153.10 9665.69 5449.33 4870.40 9546.01 8784.23 6205.71 8828.81 8272.22 9746.72 5597.42 10318.15 4556.43 3202.85 7490.35 6278.90 10338.84 2280.12 8146.36 3308.74 6764.33 1003.46 6154.93 8768.75 5908.41 3647.68 7473.07 8828.55 3110.08 1748.11 7952.90 1140.92 6842.69 8980.45 5404.83 6123.87 5047.66 9373.98 3795.05 5988.72 9373.44 9283.94 3191.81 11635.45 914.56 6325.50 8237.06 5143.10 7685.53 7625.67 2625.60 3599.99 9657.91 3859.82 7632.44 8638.45 5330.48 2068.95 8065.59 6985.12 3209.15 7793.64 9723.19 11698.67 7967.72 1732.63 6252.80 6527.35 9267.96 1480.16 9645.81 7293.48 
5327.33 0.00 6185.60 3150.11 4176.14 3057.98 4007.11 6548.32 2472.33 1274.64 6746.05 1035.39 7231.18 3658.75 2822.71 1842.60 2859.96 6117.77 6988.74 5474.88 354.38 1664.47 2970.78 412.86 2410.89 6588.71 4044.34 822.28 6168.56 4143.14 2962.46 5481.08 5668.92 4933.82 4018.20 6632.83 2575.39 2316.80 3871.16 1565.21 7168.85 4685.13 4392.51 5856.49 1934.69 4604.66 3768.69 4920.33 5858.99 5943.68 1587.38 2673.17 6826.96 8131.84 1840.76 4151.55 3037.52 5530.14 346.05 7299.09 3598.04 2670.71 4096.52 1681.20 5794.45 4724.60 4261.57 5389.18 3717.55 5876.24 2376.68 5174.87 2315.38 4246.17 7140.33 3902.00 4941.90 3771.00 2649.67 4307.08 6963.54 8177.89 310.70 2726.46 1261.76 7329.93 2118.81 781.22 4297.72 4151.72 2625.10 7351.18 5963.18 1243.48 4866.99 5386.37 2368.78 5818.44 5249.24 1994.20 4470.75 3815.74 3264.55 8031.86 1691.30 3261.73 4353.79 4930.01 2369.07 6019.32 5344.27 6765.65 4329.13 3933.09 1624.08 3147.91 7441.69 3907.76 4444.77 5512.65 
5181.54 6185.60 0.00 7576.45 3710.25 5160.51 3275.15 6736.51 3769.92 4986.23 9317.90 6082.33 4139.87 3506.28 6604.90 6357.69 3417.20 7792.47 3810.64 3526.55 6316.74 6001.83 7288.70 6549.40 7336.38 8133.74 7521.74 5726.69 7204.20 7393.13 5176.75 6708.28 1237.98 9045.36 4427.97 1287.65 4557.54 6082.37 3786.65 7719.71 3689.79 1770.07 1793.12 9732.43 8119.90 5084.70 8568.30 2034.30 374.89 6531.78 4931.77 7818.01 5526.02 3695.88 7963.86 10300.66 7743.62 7138.64 6178.96 6380.44 2616.32 3943.77 4858.78 5667.25 8009.72 2959.16 10398.50 1874.03 4249.92 4551.60 4842.27 5777.09 8200.54 2131.19 2406.74 9962.65 2119.25 4263.70 8312.68 4505.66 1702.61 3923.28 6470.01 4476.25 6959.21 4893.13 6466.98 6272.70 8162.73 8224.09 6246.51 8719.25 4768.02 7404.76 5224.32 919.61 7668.34 3463.91 2558.81 6055.21 8661.92 2432.42 5962.95 3547.42 4761.08 4861.80 5473.45 3369.46 4382.77 3539.48 7321.40 9751.05 5344.07 5809.85 5692.15 4517.96 4666.68 4574.81 8693.54 3259.55 
8312.19 3150.11 7576.45 0.00 6880.83 6113.77 6550.66 4598.20 4709.56 3965.82 3714.40 4184.31 6764.70 4121.36 5952.78 1484.77 4362.77 3527.47 6653.10 5255.70 3449.97 4814.56 288.17 3284.12 783.43 3950.71 1142.71 3918.09 3890.85 1349.91 2453.32 3356.17 7544.42 1812.37 6915.58 7483.73 3027.06 5466.89 3972.36 2824.18 6920.22 6613.08 5984.84 2724.00 3242.14 7611.36 996.59 7054.45 7202.89 3995.75 3020.79 5438.25 5574.93 8091.64 3740.35 4089.85 327.97 3159.83 2819.80 5691.43 5138.88 5260.07 3289.65 2131.95 3026.21 7201.35 5191.24 7499.23 3539.47 8707.77 2754.88 3603.58 4522.35 6217.00 7525.42 3470.03 7115.51 6627.27 1712.07 7216.30 7664.46 8031.45 3221.92 3100.69 4115.27 6495.37 5242.76 2387.44 1163.16 1001.61 5773.50 4652.99 8830.09 2832.21 3663.62 6658.95 1121.90 5606.28 7599.30 5144.23 1346.10 5724.01 1825.30 8041.27 3182.37 6258.94 3029.14 4899.86 5132.22 5760.67 2832.47 3648.74 3104.30 7053.52 2139.17 3108.24 6744.24 6839.85 1334.25 5438.02 
1815.74 4176.14 3710.25 6880.83 0.00 1697.04 547.69 8329.85 2241.05 2990.46 9874.68 3502.06 7046.77 4251.77 3201.38 5397.52 3027.13 8713.24 6710.47 5654.59 4095.48 3096.65 6623.45 4367.66 6301.58 9159.85 7388.12 3398.91 8403.79 7375.20 5212.80 7734.46 2570.47 8669.34 719.49 4830.97 4365.78 2859.57 4702.54 5650.61 6720.17 2034.47 2628.86 9543.75 5874.79 1444.90 7716.77 1680.62 3597.02 7882.02 3894.11 4660.80 7731.14 7140.27 5489.04 8115.65 6890.64 8016.33 4374.42 8502.50 2741.00 1620.77 5715.73 4769.70 8655.08 839.14 7738.09 1970.65 4982.01 1852.23 4494.50 6986.13 5418.72 1884.91 5840.29 7987.44 1606.41 627.92 6811.33 824.14 5269.22 7317.78 4339.63 4409.74 4311.57 7583.69 3330.26 4702.88 7869.80 7810.76 2897.30 9891.55 2004.29 5340.85 6446.03 3481.14 6416.91 5827.50 1431.55 2980.96 8210.05 2049.06 5983.59 6997.97 3751.76 1351.71 6306.82 5171.06 1814.78 5999.89 8018.79 10098.73 6203.87 2113.48 4753.88 4786.20 7491.89 876.45 8207.73 5491.79 
2282.38 3057.98 5160.51 6113.77 1697.04 0.00 1935.29 8504.61 2259.63 2210.47 9487.13 2145.08 7908.31 4598.44 1509.89 4665.91 3271.98 8555.34 7590.58 6310.21 2863.46 1591.19 5894.53 3118.21 5425.12 9023.62 6841.86 2237.75 8393.54 6883.92 5014.67 7694.08 4141.19 7924.29 1163.25 6130.36 4234.53 1195.66 5015.46 4329.33 7659.69 3392.36 3701.32 8837.51 4458.88 1555.14 6814.14 3226.79 4972.48 7977.59 3429.96 2972.47 8225.62 8275.19 3995.62 6638.30 6048.13 7886.38 3342.87 8910.29 3410.84 1570.82 5819.42 4175.78 8374.92 2519.16 6120.08 3596.16 5155.03 2955.81 4251.42 7094.80 3811.60 3079.04 7026.02 6590.88 3179.12 1076.83 5671.61 1388.07 6555.40 8416.15 3123.67 4330.80 2816.02 8311.28 1676.25 3750.02 7212.81 7102.53 1200.68 9784.43 3001.71 4047.05 6617.47 4723.20 5424.86 6557.97 3120.47 1383.37 7457.84 2977.04 5658.86 8141.80 3347.84 346.08 6320.02 5765.31 1299.53 6751.38 7806.14 9606.46 6241.87 1044.95 4141.00 4783.85 8288.40 999.30 7440.25 6210.51 
2358.61 4007.11 3275.15 6550.66 547.69 1935.29 0.00 7809.49 1849.88 2765.09 9435.65 3451.35 6503.52 3731.32 3434.98 5076.31 2542.23 8236.73 6167.90 5107.58 3971.87 3132.47 6285.29 4243.01 6009.79 8678.34 6996.50 3276.06 7905.98 6970.90 4767.47 7243.42 2207.36 8319.61 1195.37 4346.10 3920.18 3007.38 4182.25 5530.51 6181.66 1544.43 2088.35 9179.16 5796.60 1981.41 7419.08 1293.08 3130.05 7371.98 3536.24 4814.38 7187.47 6626.11 5458.06 8051.31 6582.12 7538.02 4169.03 7962.50 2203.78 1347.43 5214.70 4422.85 8200.10 720.72 7778.02 1668.30 4477.03 2296.86 4069.61 6477.69 5466.36 1350.68 5332.31 7879.64 1243.90 991.63 6602.49 1355.64 4782.39 6798.16 4202.48 3953.17 4302.53 7036.36 3454.91 4462.66 7501.98 7456.71 3101.05 9403.47 2469.34 5213.67 5932.18 2974.38 6160.50 5279.83 1289.21 3073.39 7865.11 1502.29 5555.06 6485.05 3383.27 1612.02 5815.01 4626.52 1653.94 5452.40 7554.46 9680.75 5709.03 2541.75 4412.38 4310.29 6946.18 1320.61 7867.00 4944.12 
10127.59 6548.32 6736.51 4598.20 8329.85 8504.61 7809.49 0.00 6302.24 6483.37 3254.72 7404.21 3507.51 4078.59 9094.49 4906.77 5344.39 1685.32 3630.26 3210.91 6900.87 7891.89 4482.31 6891.77 5145.22 1740.55 3558.34 6956.17 917.93 3317.28 3629.74 1242.94 7445.36 4601.16 8745.36 5880.54 4297.60 8463.71 3627.65 7076.72 3921.65 6908.21 6073.37 4691.58 7568.55 9595.08 5225.94 7506.67 6422.32 621.62 5247.21 9220.13 1635.39 5032.35 7923.50 8685.76 4926.11 1541.96 6232.49 1227.99 5624.04 7038.47 2685.39 4867.27 2272.68 8164.05 9745.91 7779.27 3377.07 10062.70 4348.62 1417.44 8640.97 6730.27 5230.54 8056.97 7610.08 8432.34 6295.99 9012.91 5781.58 4843.22 6790.96 4186.44 7801.89 2805.91 8474.62 5877.36 4044.13 4287.47 8786.28 2078.85 10252.78 6949.97 1897.88 5988.73 5613.96 3321.98 8243.01 8190.36 4544.02 6369.58 3330.26 5062.47 5267.84 8461.76 2229.27 3433.71 7211.32 3305.45 1931.03 3873.83 2285.50 9547.71 4924.70 3724.50 3164.56 8764.79 4620.10 3480.72 
3914.59 2472.33 3769.92 4709.56 2241.05 2259.63 1849.88 6302.24 0.00 1223.86 7639.10 2329.67 5732.09 2338.89 3277.82 3244.96 1012.96 6523.86 5427.86 4079.15 2561.62 2362.96 4440.96 2806.61 4199.59 6979.62 5153.31 1956.95 6271.88 5135.54 2989.59 5585.06 3197.81 6470.74 2487.48 4400.04 2148.77 2648.78 2759.37 4036.00 5528.19 2212.97 1995.19 7329.39 4395.82 3319.27 5597.82 2485.30 3468.62 5803.01 1689.75 4185.94 5965.99 6273.80 4200.03 6623.86 4754.68 5833.13 2536.98 6656.18 1347.12 736.67 3624.90 2578.30 6433.27 2492.89 6631.05 2954.09 2928.48 4093.08 2257.41 4909.22 4439.78 1773.94 5111.14 6355.72 2520.90 2171.51 4900.49 2774.63 4781.41 6380.70 2735.82 2210.13 3196.89 6082.31 2915.18 2747.74 5652.30 5607.40 2910.49 7724.70 4243.40 3714.76 4405.20 3048.02 4390.99 4347.05 2923.37 2509.75 6017.38 1353.54 3745.74 6151.52 1533.98 2169.57 4171.91 3525.36 976.30 4545.27 5810.26 7857.68 4080.70 3281.08 2570.54 2625.26 6081.35 2482.97 6020.42 4000.88 
4347.88 1274.64 4986.23 3965.82 2990.46 2210.47 2765.09 6483.37 1223.86 0.00 7276.92 1203.86 6534.63 2946.94 2627.05 2490.35 1841.43 6384.15 6257.59 4800.73 1337.91 1470.17 3728.93 1586.13 3333.97 6855.54 4636.30 766.36 6277.63 4674.10 2887.88 5574.74 4405.77 5776.33 2952.36 5546.11 2196.37 1986.08 3274.05 2837.30 6398.86 3426.15 3200.50 6677.69 3178.05 3653.77 4748.49 3646.00 4676.25 5920.83 1258.41 3167.70 6450.78 7256.66 2978.29 5417.02 3939.45 5729.70 1404.47 7042.30 2467.65 1418.10 3837.01 1965.84 6176.84 3475.62 5412.29 4114.70 3271.52 4770.34 2139.50 5066.53 3257.38 2988.30 6167.42 5176.54 3667.27 2670.47 3838.15 3252.42 5906.66 7335.23 1519.85 2321.90 2020.97 6763.48 2071.71 1712.44 5030.72 4936.42 2305.52 7620.34 4880.89 2515.47 4646.53 4233.70 3427.18 5114.11 3985.21 1732.95 5310.88 2577.39 3470.47 7144.18 1216.27 2309.59 4258.68 4236.53 1184.82 5317.52 5625.41 7400.06 4197.87 3224.10 1932.19 2791.74 6818.85 2874.03 5299.99 4781.70 
11521.04 6746.05 9317.90 3714.40 9874.68 9487.13 9435.65 3254.72 7639.10 7276.92 0.00 7771.75 6709.14 6007.90 9567.32 4913.89 6921.19 1635.78 6785.83 5988.95 7075.21 8381.37 3818.75 6943.30 4495.77 1525.53 2701.74 7434.22 2394.47 2617.16 4668.26 2660.88 9739.02 2438.11 10086.13 8714.06 5515.48 9029.44 5622.77 6521.56 7084.34 8984.06 8191.01 1935.06 6906.35 10871.05 3671.85 9539.43 8961.71 3059.93 6083.66 9151.07 4879.63 8239.52 7436.44 7153.74 3950.43 2198.72 6401.28 4412.61 7499.96 8324.05 4496.74 5314.36 1309.25 9967.47 8533.81 9910.34 5192.02 11721.77 5381.72 3593.28 8220.60 8685.42 8262.17 6494.70 9627.16 9775.36 5199.50 10383.28 8707.67 8066.63 6869.54 5486.80 7808.54 6052.02 8864.86 5964.90 2579.02 2805.23 9348.92 1637.71 11878.96 6545.80 4113.02 8453.00 4800.27 6214.15 10215.33 8712.13 2718.29 8230.16 3893.88 8256.22 6193.47 9562.85 3862.91 5979.93 8328.16 6261.36 1998.94 647.21 3990.96 10494.28 5351.99 5172.76 6406.15 10049.06 2788.12 6257.85 
4426.09 1035.39 6082.33 4184.31 3502.06 2145.08 3451.35 7404.21 2329.67 1203.86 7771.75 0.00 7715.65 4115.29 1797.00 2859.26 3044.98 7088.82 7444.94 5971.52 752.84 634.35 4006.04 984.89 3438.20 7561.61 5071.14 475.38 7090.56 5162.21 3775.97 6393.88 5377.83 5961.23 3211.32 6718.44 3223.75 1283.74 4411.79 2192.03 7592.90 4429.49 4322.83 6884.76 2374.24 3698.44 4771.79 4542.75 5792.24 6814.18 2202.64 1977.21 7527.31 8460.38 2006.96 4614.78 4063.66 6478.85 1374.54 8067.09 3641.74 2226.78 4840.94 2590.83 6792.80 4166.84 4372.58 4997.67 4352.65 5065.85 3093.53 6003.35 2118.94 4004.43 7366.89 4496.94 4542.13 3006.75 3539.37 3481.42 7088.70 8537.69 1007.58 3365.19 883.10 7911.01 1105.39 1812.58 5333.10 5185.85 1589.75 8327.03 5129.48 1903.25 5639.45 5377.57 3359.96 6293.16 4737.87 960.91 5499.61 3650.09 4194.41 8348.03 2234.12 2400.12 5180.69 5409.48 1823.58 6496.66 6315.87 7799.86 5139.28 2937.52 2538.91 3824.66 7982.77 3077.62 5471.77 5965.30 
8808.52 7231.18 4139.87 6764.70 7046.77 7908.31 6503.52 3507.51 5732.09 6534.63 6709.14 7715.65 0.00 3603.32 9001.23 6268.43 4766.79 5079.13 341.57 1756.66 7524.40 7974.75 6533.75 7642.08 6973.12 5230.70 6093.16 7244.99 4315.11 5872.06 4608.52 4175.80 5217.32 7507.58 7665.69 2945.25 4677.19 8361.85 3360.86 8365.96 490.92 5119.53 4418.92 7859.19 8866.84 8483.74 7666.06 5670.63 3953.90 3658.37 5644.80 9692.78 1891.28 1530.57 9001.32 10593.47 7057.30 4647.69 7025.63 2635.42 4498.88 6345.81 3515.44 5828.83 5557.34 6553.17 11266.41 5751.27 3577.50 8411.17 4919.66 3394.24 9546.51 5167.28 1966.85 10058.30 5779.87 7397.56 8192.45 7857.40 2672.78 1367.85 7536.86 4525.72 8415.64 834.32 8566.67 6848.90 6734.90 6915.99 8637.20 5562.62 8625.07 8126.28 3136.57 3750.80 7441.76 1422.72 6380.78 8183.85 7291.67 5040.21 4966.69 1555.00 5555.09 7727.34 3749.83 2310.21 6694.37 1219.33 4989.29 7296.38 3664.51 8844.98 5883.21 4161.97 534.14 7754.23 7354.07 1753.34 
6054.21 3658.75 3506.28 4121.36 4251.77 4598.44 3731.32 4078.59 2338.89 2946.94 6007.90 4115.29 3603.32 0.00 5494.58 3081.32 1328.41 4630.10 3342.75 1856.39 3936.11 4406.43 3837.16 4071.60 3996.95 5043.40 4017.60 3643.20 4213.72 3896.27 1681.07 3582.93 3739.38 5539.10 4691.24 3381.03 1237.51 4846.67 450.96 4928.86 3512.23 2987.58 2183.40 6238.97 5410.57 5544.73 5117.95 3560.76 3131.79 3649.14 2076.45 6092.33 3627.31 4489.35 5470.09 7354.40 4321.00 3933.88 3486.10 4326.02 1565.90 3052.39 1544.58 2473.15 4710.13 4117.22 7819.62 3909.54 817.12 5996.50 1530.38 2760.84 5969.10 2727.50 3604.34 6903.91 3655.01 4382.34 5106.42 4949.80 3603.23 4523.64 3968.23 1107.70 4816.68 3821.67 5005.26 3379.39 4656.46 4720.36 5142.18 5736.77 6182.60 4657.35 2205.42 2589.09 4394.06 2180.80 4267.99 4638.96 5157.85 2319.09 2456.68 4396.50 1968.51 4497.47 2179.22 1294.39 3307.53 2384.05 4027.36 6371.66 2059.04 5616.65 2516.64 1019.18 3872.10 4724.45 5191.02 1861.13 
3329.65 2822.71 6604.90 5952.78 3201.38 1509.89 3434.98 9094.49 3277.82 2627.05 9567.32 1797.00 9001.23 5494.58 0.00 4656.06 4237.76 8868.29 8701.58 7315.29 2504.50 1216.04 5787.59 2675.72 5190.28 9341.57 6866.01 2178.28 8836.87 6959.10 5473.48 8135.99 5632.47 7702.47 2603.07 7498.45 4821.88 648.66 5859.66 3607.26 8805.86 4836.55 5036.01 8626.16 3574.31 2663.97 6468.20 4719.91 6390.45 8520.59 3847.32 1551.36 9063.72 9528.03 3010.15 5559.94 5809.41 8245.73 3166.48 9668.40 4589.50 2762.36 6462.87 4362.10 8585.75 4028.42 4817.11 5101.20 5891.79 4200.32 4746.35 7680.42 2600.60 4486.71 8323.98 5633.45 4677.54 2575.33 5103.69 2759.66 7911.42 9645.83 2731.92 4948.84 1979.07 9308.86 710.40 3603.73 7109.63 6951.87 370.88 10107.94 4191.64 3395.89 7271.98 6091.60 5055.88 7602.02 4629.01 904.60 7246.32 4302.47 5959.33 9401.43 3832.40 1851.59 6865.52 6752.91 2353.09 7802.79 8096.79 9585.05 6811.12 1602.19 4312.88 5418.65 9332.03 2425.91 7213.45 7258.65 
6838.07 1842.60 6357.69 1484.77 5397.52 4665.91 5076.31 4906.77 3244.96 2490.35 4913.89 2859.26 6268.43 3081.32 4656.06 0.00 3009.21 4302.67 6090.28 4587.85 2183.82 3467.79 1238.96 2092.07 990.37 4770.09 2216.45 2526.64 4421.05 2303.09 1660.15 3757.68 6193.89 3288.76 5434.81 6442.56 1856.67 4116.96 3073.59 2207.78 6323.13 5236.32 4673.80 4187.35 2713.14 6142.92 2355.40 5642.29 5991.09 4287.16 1569.32 4410.24 5467.29 7424.89 3019.93 4340.74 1509.92 3747.87 1496.57 5800.92 3813.05 3776.81 2800.85 703.70 3955.65 5737.38 5045.14 6096.80 2731.34 7223.00 1559.79 3621.19 3735.65 4824.16 6664.67 3846.42 5696.73 5144.51 2025.35 5735.80 6682.62 7411.62 2004.75 1975.34 3000.86 6180.22 3957.45 1068.61 2547.02 2446.09 4435.44 5527.93 7345.70 2049.22 3446.35 5456.55 1321.82 4950.02 6155.18 3798.75 2824.52 4333.45 1581.22 7351.44 1739.10 4794.25 2844.70 4125.65 3649.34 5132.48 3531.88 4966.83 2859.91 5633.69 692.97 2175.23 6363.68 5362.50 2817.02 4710.49 
4795.83 2859.96 3417.20 4362.77 3027.13 3271.98 2542.23 5344.39 1012.96 1841.43 6921.19 3044.98 4766.79 1328.41 4237.76 3009.21 0.00 5694.49 4473.04 3082.70 3057.22 3223.58 4078.02 3254.35 3999.54 6136.82 4596.32 2600.43 5377.95 4537.43 2265.73 4707.35 3189.32 6022.34 3401.24 3772.88 1436.40 3595.99 1757.30 4340.33 4593.74 2250.69 1672.36 6827.35 4769.21 4250.74 5321.50 2717.48 3066.57 4870.40 1516.83 4996.63 4954.13 5417.71 4693.92 6902.99 4474.94 4995.84 2799.95 5652.15 811.32 1724.92 2694.72 2305.85 5668.87 3046.44 7121.46 3147.78 1970.57 4838.88 1648.12 3973.43 5066.19 1864.38 4331.44 6548.02 2788.80 3087.96 4907.52 3671.64 4108.31 5501.80 3162.81 1440.06 3845.70 5083.28 3807.82 2859.24 5162.74 5161.21 3876.42 6865.16 5010.73 4033.05 3448.02 2561.86 4290.09 3364.29 3330.34 3419.26 5590.84 1374.12 3080.39 5303.97 1344.73 3169.75 3279.72 2523.95 1986.95 3565.05 5016.36 7199.80 3177.49 4288.24 2321.73 1768.95 5095.40 3421.75 5606.38 3021.01 
10438.31 6117.77 7792.47 3527.47 8713.24 8555.34 8236.73 1685.32 6523.86 6384.15 1635.78 7088.82 5079.13 4630.10 8868.29 4302.67 5694.49 0.00 5150.66 4389.51 6468.21 7653.85 3505.19 6393.68 4221.18 473.37 2386.71 6690.52 778.64 2180.70 3552.86 1084.49 8303.87 3059.46 9010.04 7122.38 4377.62 8278.30 4211.03 6277.83 5449.34 7614.37 6797.19 3030.44 6731.73 9830.93 3917.56 8190.83 7445.64 1424.60 5132.51 8709.61 3273.95 6608.72 7179.30 7487.65 3837.73 700.03 5775.95 2899.06 6177.42 7243.89 3085.70 4506.31 634.33 8707.01 8699.42 8531.08 3819.64 10533.28 4313.24 2017.59 7944.18 7354.12 6634.48 6835.44 8285.01 8694.40 5222.27 9298.48 7097.44 6440.28 6304.20 4314.69 7303.49 4442.63 8193.39 5363.93 2681.04 2941.53 8604.49 1240.06 10704.77 6221.04 2569.31 6954.20 4638.05 4598.18 8894.97 7975.84 3098.69 6925.96 2919.15 6623.20 5207.54 8580.79 2452.21 4427.78 7318.66 4637.09 773.61 2219.23 2571.08 9591.85 4555.43 3927.70 4791.88 8995.99 3177.84 4661.39 
8469.33 6988.74 3810.64 6653.10 6710.47 7590.58 6167.90 3630.26 5427.86 6257.59 6785.83 7444.94 341.57 3342.75 8701.58 6090.28 4473.04 5150.66 0.00 1523.89 7275.29 7689.08 6414.03 7400.74 6826.23 5330.44 6030.32 6976.38 4399.11 5815.22 4434.50 4205.99 4878.70 7472.93 7332.85 2633.44 4451.65 8064.44 3127.58 8158.99 299.44 4778.69 4081.99 7862.17 8657.00 8148.65 7572.90 5329.12 3618.23 3726.07 5401.36 9421.07 2054.22 1494.10 8773.76 10425.91 6938.43 4682.19 6793.06 2844.34 4179.84 6031.38 3376.99 5625.03 5601.68 6212.52 11061.93 5410.40 3375.74 8069.61 4703.25 3380.74 9303.51 4829.71 1701.18 9902.34 5438.35 7066.57 8039.26 7522.36 2382.22 1387.62 7296.09 4300.97 8159.42 1109.93 8278.41 6631.54 6680.75 6852.29 8336.27 5702.30 8283.53 7912.34 3071.22 3409.64 7289.42 1171.39 6039.26 7892.22 7238.26 4709.25 4840.35 1485.54 5305.24 7405.04 3663.96 2058.73 6385.72 973.33 5009.63 7359.49 3570.24 8520.60 5678.25 3956.57 856.13 7423.04 7298.33 1481.95 
7462.90 5474.88 3526.55 5255.70 5654.59 6310.21 5107.58 3210.91 4079.15 4800.73 5988.95 5971.52 1756.66 1856.39 7315.29 4587.85 3082.70 4389.51 1523.89 0.00 5767.85 6253.94 5001.49 5886.02 5362.25 4682.58 4762.00 5499.03 3735.06 4568.10 2943.44 3328.33 4306.93 6265.98 6209.08 2733.53 2928.33 6670.35 1606.32 6636.33 1737.95 3918.77 3114.55 6769.40 7133.66 7052.92 6209.56 4513.77 3219.03 3046.83 3888.24 7948.40 2126.80 2853.03 7251.66 8928.33 5524.00 3792.94 5272.72 2957.06 2956.70 4739.52 1972.48 4104.35 4710.85 5297.40 9539.53 4714.01 1860.47 7209.76 3179.53 2397.76 7790.26 3846.53 2361.89 8418.57 4622.52 5919.83 6562.34 6432.07 2722.84 2825.09 5780.92 2777.47 6660.60 2003.34 6850.44 5107.65 5427.20 5569.86 6956.47 5220.82 7415.00 6388.56 1920.84 2813.54 5815.67 362.17 5256.05 6476.48 5979.73 3605.53 3430.41 2792.62 3798.86 6162.57 2397.35 564.73 5054.01 551.02 4049.20 6494.60 2282.22 7289.43 4157.05 2437.06 2020.58 6275.29 6032.63 274.23 
5144.77 354.38 6316.74 3449.97 4095.48 2863.46 3971.87 6900.87 2561.62 1337.91 7075.21 752.84 7524.40 3936.11 2504.50 2183.82 3057.22 6468.21 7275.29 5767.85 0.00 1386.11 3283.42 272.34 2694.55 6938.73 4373.97 698.06 6522.82 4479.05 3308.32 5835.47 5736.87 5215.65 3879.63 6822.22 2890.42 2031.06 4169.24 1559.66 7448.26 4760.66 4526.46 6139.58 1850.62 4418.21 4019.14 4955.23 6000.49 6296.95 1883.33 2322.93 7161.33 8389.53 1650.60 4102.54 3318.30 5883.23 692.28 7643.35 3761.03 2661.98 4434.67 2034.30 6138.83 4692.53 4087.81 5421.18 4035.19 5740.98 2704.48 5524.76 2036.75 4323.69 7370.07 3907.81 4969.05 3650.30 2808.20 4160.80 7165.00 8443.34 260.27 3040.39 920.17 7643.45 1795.79 1116.02 4605.30 4450.34 2328.82 7700.54 5816.74 1246.04 5210.19 5543.92 2607.12 6107.19 5236.97 1708.94 4755.50 3915.05 3618.89 8286.31 1970.12 3093.96 4702.99 5217.73 2318.39 6309.05 5694.85 7081.10 4676.49 3688.43 1977.43 3471.70 7747.27 3757.93 4726.08 5795.65 
3851.45 1664.47 6001.83 4814.56 3096.65 1591.19 3132.47 7891.89 2362.96 1470.17 8381.37 634.35 7974.75 4406.43 1216.04 3467.79 3223.58 7653.85 7689.08 6253.94 1386.11 0.00 4631.78 1607.68 4071.62 8127.19 5683.68 963.38 7621.97 5767.32 4265.70 6921.50 5190.05 6594.85 2715.39 6745.92 3640.87 652.76 4743.07 2752.49 7816.51 4284.30 4298.57 7518.22 2867.72 3125.46 5405.19 4315.29 5738.74 7313.34 2647.35 1830.40 7918.18 8619.76 2417.23 5060.25 4697.38 7029.76 1998.28 8497.01 3709.98 2061.00 5279.11 3147.57 7378.70 3827.01 4650.83 4751.84 4737.17 4544.47 3548.24 6480.63 2334.82 3880.40 7473.20 4999.86 4300.06 2548.07 4150.74 2966.81 7136.19 8715.56 1638.09 3773.39 1232.91 8227.21 601.54 2435.43 5960.14 5816.16 967.67 8893.70 4592.90 2482.84 6086.05 5366.93 3992.56 6559.06 4417.89 331.33 6132.85 3587.70 4743.44 8500.67 2645.07 1882.30 5662.70 5689.21 1623.71 6761.97 6882.87 8421.54 5611.92 2313.40 3098.94 4241.62 8274.27 2567.10 6105.44 6221.98 
8076.79 2970.78 7288.70 288.17 6623.45 5894.53 6285.29 4482.31 4440.96 3728.93 3818.75 4006.04 6533.75 3837.16 5787.59 1238.96 4078.02 3505.19 6414.03 5001.49 3283.42 4631.78 0.00 3133.83 717.63 3943.54 1158.75 3718.57 3814.42 1331.28 2173.43 3246.44 7258.08 2050.83 6673.37 7203.05 2738.89 5284.53 3695.06 2784.48 6677.86 6328.60 5697.40 2948.98 3227.96 7380.36 1282.00 6773.28 6915.22 3871.53 2751.23 5340.12 5393.21 7843.63 3695.51 4232.81 524.43 3087.86 2633.50 5545.71 4852.21 5003.19 3042.26 1862.82 3040.16 6931.02 5270.96 7216.77 3266.28 8455.49 2467.03 3427.02 4471.53 5934.06 7257.87 3628.84 6835.19 6382.13 1815.95 6974.43 7387.69 7788.53 3065.18 2812.77 3989.92 6287.08 5079.21 2196.66 1329.31 1208.83 5595.45 4664.90 8580.73 2760.03 3452.78 6371.36 1145.70 5354.31 7323.24 4962.63 1588.01 5441.11 1575.35 7790.72 2910.46 6030.26 2814.96 4634.72 4887.09 5512.06 2782.19 3797.69 2883.24 6847.61 1873.18 2825.86 6527.89 6601.45 1584.29 5178.62 
5400.54 412.86 6549.40 3284.12 4367.66 3118.21 4243.01 6891.77 2806.61 1586.13 6943.30 984.89 7642.08 4071.60 2675.72 2092.07 3254.35 6393.68 7400.74 5886.02 272.34 1607.68 3133.83 0.00 2515.84 6861.80 4246.90 970.34 6480.18 4364.03 3334.50 5799.92 5991.04 5027.27 4146.49 7026.03 2980.87 2240.44 4281.58 1287.81 7581.50 5012.25 4757.09 5951.15 1592.47 4673.34 3808.40 5217.02 6228.57 6282.29 1999.46 2335.63 7214.27 8543.97 1439.62 3839.15 3133.73 5825.79 663.93 7670.36 3977.67 2929.66 4480.60 2032.05 6042.19 4963.60 3870.65 5683.74 4120.60 6007.55 2774.50 5531.99 1904.68 4574.43 7547.29 3636.67 5232.39 3919.79 2556.05 4426.13 7361.56 8590.59 106.46 3132.28 915.91 7733.86 1965.58 1032.70 4445.18 4280.16 2526.64 7620.01 6081.23 973.71 5241.91 5764.35 2393.65 6230.23 5506.34 1921.45 4570.62 4158.49 3583.90 8443.62 2104.12 3355.75 4714.22 5342.04 2589.87 6430.95 5621.91 6927.76 4695.09 3919.71 1973.52 3547.60 7849.10 4022.87 4538.08 5925.12 
7655.96 2410.89 7336.38 783.43 6301.58 5425.12 6009.79 5145.22 4199.59 3333.97 4495.77 3438.20 6973.12 3996.95 5190.28 990.37 3999.54 4221.18 6826.23 5362.25 2694.55 4071.62 717.63 2515.84 0.00 4660.96 1871.88 3202.78 4510.08 2048.90 2431.52 3920.15 7183.85 2523.32 6282.26 7375.77 2802.08 4721.85 3933.17 2068.01 7076.62 6224.49 5663.06 3446.60 2510.84 6945.40 1415.74 6622.66 6968.04 4528.38 2546.21 4655.62 5960.14 8215.18 2980.71 3656.93 626.80 3787.99 2093.48 6170.30 4802.73 4687.31 3457.76 1694.00 3756.82 6685.11 4601.93 7079.53 3544.97 8103.14 2508.11 4016.34 3758.84 5810.18 7534.06 3090.93 6674.78 6004.11 1226.07 6581.00 7596.84 8180.57 2458.76 2906.92 3334.03 6791.98 4479.88 1675.26 1944.15 1766.25 5023.15 5382.17 8214.85 2055.51 3972.20 6430.80 482.87 5722.15 7119.92 4399.05 2061.46 5320.37 2033.07 8151.73 2718.77 5591.03 3335.98 4943.85 4516.42 5892.95 3492.28 4429.24 3385.55 6337.91 1681.24 3032.67 7010.68 6195.54 2034.05 5513.18 
10893.10 6588.71 8133.74 3950.71 9159.85 9023.62 8678.34 1740.55 6979.62 6855.54 1525.53 7561.61 5230.70 5043.40 9341.57 4770.09 6136.82 473.37 5330.44 4682.58 6938.73 8127.19 3943.54 6861.80 4660.96 0.00 2808.06 7163.85 952.06 2613.26 4016.68 1463.33 8686.49 3326.85 9466.77 7413.57 4836.20 8751.63 4616.31 6723.37 5626.40 8020.02 7197.54 3173.45 7171.45 10290.50 4278.79 8601.19 7793.15 1645.88 5602.90 9174.48 3374.39 6759.99 7628.29 7857.74 4254.51 1146.50 6246.46 2887.49 6599.13 7702.24 3500.20 4979.64 949.22 9136.92 9100.48 8932.08 4239.31 10973.85 4778.35 2363.97 8396.26 7770.67 6869.92 7201.80 8696.91 9150.93 5631.24 9754.01 7365.59 6577.20 6772.92 4769.53 7770.46 4546.02 8666.30 5832.98 3043.48 3304.71 9077.83 766.72 11147.41 6673.88 2930.08 7312.23 5067.67 4866.20 9311.36 8449.21 3419.18 7349.94 3392.02 6784.29 5676.16 9046.00 2874.44 4764.29 7783.06 4888.33 1245.80 2160.28 2988.81 10061.04 5028.70 4373.86 4903.72 9455.03 3498.34 4956.45 
8948.67 4044.34 7521.74 1142.71 7388.12 6841.86 6996.50 3558.34 5153.31 4636.30 2701.74 5071.14 6093.16 4017.60 6866.01 2216.45 4596.32 2386.71 6030.32 4762.00 4373.97 5683.68 1158.75 4246.90 1871.88 2808.06 0.00 4742.11 2791.98 242.65 2385.15 2322.22 7676.01 1535.41 7522.24 7235.50 3163.68 6333.33 3754.45 3939.66 6314.58 6807.93 6092.16 2240.88 4373.53 8274.57 1676.90 7309.02 7147.79 2981.76 3507.03 6489.33 4702.03 7510.78 4852.52 5154.84 1451.13 2062.44 3699.70 4708.83 5296.68 5789.57 2823.45 2674.55 1888.12 7593.42 6318.18 7726.03 3290.63 9239.01 2955.47 2755.98 5629.72 6450.22 7110.44 4514.80 7383.41 7218.86 2838.02 7822.82 7354.74 7417.61 4171.02 3184.82 5123.48 5715.49 6163.14 3263.18 666.94 822.84 6651.34 3515.19 9380.50 3918.58 2960.24 6606.16 2260.86 5087.77 7922.57 6014.78 1217.88 5965.82 1567.24 7478.55 3639.68 6942.54 2378.94 4509.26 5739.56 5214.78 1712.75 2764.63 2485.65 7830.94 2705.07 3021.85 5998.26 7468.76 1272.66 4982.04 
4505.05 822.28 5726.69 3918.09 3398.91 2237.75 3276.06 6956.17 1956.95 766.36 7434.22 475.38 7244.99 3643.20 2178.28 2526.64 2600.43 6690.52 6976.38 5499.03 698.06 963.38 3718.57 970.34 3202.78 7163.85 4742.11 0.00 6665.50 4817.73 3326.44 5966.17 5087.18 5718.38 3204.26 6311.30 2752.76 1598.95 3936.67 2257.50 7127.49 4120.38 3949.22 6637.96 2529.48 3782.53 4579.77 4284.91 5424.30 6371.02 1734.86 2449.51 7055.05 8007.81 2259.51 4785.64 3828.84 6067.97 1110.32 7601.38 3232.25 1977.52 4375.65 2184.22 6417.72 3996.78 4679.43 4748.21 3878.75 5064.72 2630.47 5550.60 2493.52 3687.28 6930.34 4604.56 4294.30 2965.25 3463.41 3490.56 6672.95 8080.72 941.38 2893.09 1254.88 7435.90 1521.57 1532.12 5047.40 4916.85 1922.42 7930.34 5147.38 1944.00 5176.77 4991.27 3187.11 5822.31 4545.42 1288.04 5253.09 3302.63 3781.43 7897.23 1760.71 2439.89 4729.26 4937.57 1622.13 6025.78 5919.48 7491.88 4684.30 3136.97 2135.57 3354.31 7508.91 3089.87 5230.98 5495.85 
10167.33 6168.56 7204.20 3890.85 8403.79 8393.54 7905.98 917.93 6271.88 6277.63 2394.47 7090.56 4315.11 4213.72 8836.87 4421.05 5377.95 778.64 4399.11 3735.06 6522.82 7621.97 3814.42 6480.18 4510.08 952.06 2791.98 6665.50 0.00 2559.00 3391.47 702.91 7794.25 3712.81 8754.06 6463.98 4162.11 8224.82 3773.92 6517.04 4696.67 7162.99 6333.66 3774.15 6993.39 9591.04 4425.46 7751.40 6868.26 693.82 5019.88 8814.96 2496.13 5845.64 7395.24 7946.82 4215.02 731.49 5836.62 2143.59 5779.14 7004.61 2691.75 4504.04 1354.96 8328.99 9079.24 8065.41 3431.84 10192.89 4150.04 1469.01 8139.47 6935.17 5920.56 7305.84 7849.82 8438.15 5602.82 9034.47 6413.56 5672.25 6384.38 4075.93 7396.08 3665.98 8185.04 5449.08 3212.81 3464.92 8550.88 1536.00 10372.92 6423.50 2040.04 6396.43 4959.89 3914.42 8471.94 7934.57 3687.41 6532.37 2904.48 5863.99 5070.28 8388.06 2101.96 3837.22 7124.02 3936.50 1090.07 2993.13 2200.56 9437.55 4558.06 3646.62 4016.78 8754.82 3765.03 4009.17 
8962.75 4143.14 7393.13 1349.91 7375.20 6883.92 6970.90 3317.28 5135.54 4674.10 2617.16 5162.21 5872.06 3896.27 6959.10 2303.09 4537.43 2180.70 5815.22 4568.10 4479.05 5767.32 1331.28 4364.03 2048.90 2613.26 242.65 4817.73 2559.00 0.00 2296.86 2080.15 7582.44 1703.27 7532.25 7073.66 3101.10 6414.10 3613.91 4114.89 6101.19 6729.62 5999.05 2342.88 4558.54 8296.61 1919.51 7241.34 7020.09 2739.32 3513.68 6630.04 4463.35 7298.96 5024.06 5388.97 1666.73 1828.23 3797.28 4466.19 5217.57 5787.67 2647.39 2708.27 1712.16 7554.14 6537.55 7651.45 3149.17 9227.35 2910.03 2522.60 5797.42 6381.07 6922.32 4750.96 7318.27 7226.12 3056.59 7832.02 7182.55 7201.79 4284.51 3111.04 5251.51 5483.42 6260.16 3363.90 865.94 1048.87 6734.50 3334.41 9373.09 4079.85 2744.00 6480.50 2457.43 4889.04 7867.60 6097.70 1423.35 5900.47 1471.06 7269.10 3638.24 6973.04 2176.03 4332.92 5756.04 5011.73 1486.30 2735.93 2286.84 7883.40 2743.15 2916.05 5769.19 7484.29 1483.20 4793.14 
6899.87 2962.46 5176.75 2453.32 5212.80 5014.67 4767.47 3629.74 2989.59 2887.88 4668.26 3775.97 4608.52 1681.07 5473.48 1660.15 2265.73 3552.86 4434.50 2943.44 3308.32 4265.70 2173.43 3334.50 2431.52 4016.68 2385.15 3326.44 3391.47 2296.86 0.00 2688.92 5291.03 3881.87 5467.25 5030.42 847.68 4849.98 1524.05 3808.85 4672.55 4433.02 3707.13 4625.32 4316.01 6281.22 3448.23 4949.95 4801.86 3047.66 1632.74 5629.95 3898.19 5792.63 4537.30 5991.45 2673.82 2874.40 2671.16 4337.04 2921.08 3698.56 1171.24 1318.28 3444.29 5308.53 6687.47 5355.73 1114.41 7055.96 763.31 2228.20 5181.90 4089.21 5111.45 5475.22 5029.11 5152.52 3619.99 5758.96 5215.83 5768.15 3229.70 825.81 4224.21 4536.00 4845.53 2378.63 3001.14 3048.99 5174.78 4773.49 7216.20 3601.88 1907.55 4257.33 2875.43 3305.15 5590.34 4568.90 3486.99 3613.00 825.98 5725.58 1678.91 5029.55 1404.98 2512.34 3766.38 3482.90 2824.16 4934.09 1369.64 6056.13 1377.27 661.89 4708.79 5447.56 3517.25 3084.11 
9487.97 5481.08 6708.28 3356.17 7734.46 7694.08 7243.42 1242.94 5585.06 5574.74 2660.88 6393.88 4175.80 3582.93 8135.99 3757.68 4707.35 1084.49 4205.99 3328.33 5835.47 6921.50 3246.44 5799.92 3920.15 1463.33 2322.22 5966.17 702.91 2080.15 2688.92 0.00 7228.07 3468.01 8070.23 6056.26 3465.51 7522.79 3153.53 5888.36 4505.18 6556.83 5734.25 3699.81 6372.89 8904.08 3995.81 7138.68 6361.15 663.11 4316.97 8135.55 2509.45 5690.01 6753.74 7442.92 3683.98 477.71 5151.91 2394.75 5142.35 6315.84 2042.71 3810.83 1404.01 7685.62 8515.52 7468.80 2783.87 9535.41 3448.24 937.65 7488.28 6310.40 5614.06 6814.16 7234.77 7754.18 5057.25 8352.74 6047.00 5543.47 5702.83 3382.89 6715.57 3629.39 7486.46 4771.23 2838.57 3073.39 7848.77 2161.22 9712.41 5779.96 1484.82 5870.25 4383.74 3556.30 7850.67 7233.31 3359.27 5894.37 2217.28 5690.82 4367.81 7692.25 1428.42 3345.27 6427.78 3611.09 819.89 3184.47 1536.40 8737.72 3865.51 2961.40 3956.41 8067.69 3432.92 3597.83 
3949.65 5668.92 1237.98 7544.42 2570.47 4141.19 2207.36 7445.36 3197.81 4405.77 9739.02 5377.83 5217.32 3739.38 5632.47 6193.89 3189.32 8303.87 4878.70 4306.93 5736.87 5190.05 7258.08 5991.04 7183.85 8686.49 7676.01 5087.18 7794.25 7582.44 5291.03 7228.07 0.00 9154.92 3288.15 2503.51 4546.17 5167.33 4116.67 7233.47 4796.89 987.08 1583.90 9916.34 7583.46 3888.53 8509.61 914.46 1284.31 7155.18 4658.45 6955.60 6407.53 4913.89 7345.95 9820.05 7663.82 7620.41 5728.53 7253.11 2406.59 3155.36 5245.80 5490.25 8435.21 1770.32 9749.14 642.09 4550.31 3318.32 4798.95 6329.49 7480.16 1425.39 3610.74 9550.40 969.84 3163.32 8030.93 3332.16 2930.47 5132.47 5925.49 4502.69 6259.94 5917.42 5590.13 5903.18 8280.64 8303.40 5289.64 9329.39 3535.08 6912.04 5759.39 1509.19 7453.53 4330.26 1324.18 5189.68 8738.39 1887.79 6113.50 4765.78 4483.16 3819.25 5883.31 4011.72 3578.85 4445.41 7747.83 10111.04 5757.25 4683.85 5502.88 4668.95 5728.71 3446.68 8759.41 4064.11 
10123.66 4933.82 9045.36 1812.37 8669.34 7924.29 8319.61 4601.16 6470.74 5776.33 2438.11 5961.23 7507.58 5539.10 7702.47 3288.76 6022.34 3059.46 7472.93 6265.98 5215.65 6594.85 2050.83 5027.27 2523.32 3326.85 1535.41 5718.38 3712.81 1703.27 3881.87 3468.01 9154.92 0.00 8723.55 8770.17 4612.52 7244.70 5287.63 4336.32 7763.47 8261.37 7574.02 924.05 4654.10 9423.65 1323.71 8738.78 8670.89 4114.53 4783.87 7040.78 5969.81 8963.74 5226.39 4715.64 1897.61 3069.44 4612.54 5820.46 6757.68 7050.22 4350.00 3900.66 2426.71 8951.90 6108.46 9169.14 4824.42 10504.79 4375.46 4117.00 6002.67 7886.51 8623.18 4056.63 8807.27 8432.88 2886.64 9024.52 8884.75 8854.39 4975.70 4652.27 5801.28 7055.43 6992.67 4186.36 882.65 865.02 7544.40 3837.97 10631.15 4428.31 4410.86 8127.91 2667.28 6581.85 9320.50 6921.96 466.49 7396.34 3082.42 8940.11 4936.76 8071.31 3869.44 6035.89 6937.79 6698.43 2679.53 2128.45 3983.79 8855.34 3915.48 4532.50 7362.08 8650.06 489.57 6494.17 
1435.25 4018.20 4427.97 6915.58 719.49 1163.25 1195.37 8745.36 2487.48 2952.36 10086.13 3211.32 7665.69 4691.24 2603.07 5434.81 3401.24 9010.04 7332.85 6209.08 3879.63 2715.39 6673.37 4146.49 6282.26 9466.77 7522.24 3204.26 8754.06 7532.25 5467.25 8070.23 3288.15 8723.55 0.00 5534.44 4632.76 2358.50 5137.05 5401.19 7357.35 2732.52 3267.37 9618.70 5570.12 853.92 7693.97 2399.99 4307.40 8267.68 4018.64 4115.86 8248.56 7821.20 5132.38 7775.63 6891.18 8320.27 4261.17 8995.98 3257.14 1768.87 6088.57 4857.69 8904.41 1537.28 7283.33 2681.43 5371.25 1861.41 4720.44 7371.13 4973.86 2540.97 6527.62 7700.97 2325.70 316.07 6666.73 301.30 5971.79 7991.95 4135.40 4697.50 3948.27 8168.89 2839.28 4631.40 7959.22 7877.34 2335.48 10212.15 1945.66 5104.90 6849.26 4169.29 6343.81 6404.99 2106.17 2537.79 8258.99 2628.34 6197.20 7680.28 3897.17 836.99 6652.35 5702.99 1788.39 6584.37 8291.21 10267.88 6557.56 1396.44 4833.60 5108.93 8095.45 178.34 8249.77 6063.64 
6405.83 6632.83 1287.65 7483.73 4830.97 6130.36 4346.10 5880.54 4400.04 5546.11 8714.06 6718.44 2945.25 3381.03 7498.45 6442.56 3772.88 7122.38 2633.44 2733.53 6822.22 6745.92 7203.05 7026.03 7375.77 7413.57 7235.50 6311.30 6463.98 7073.66 5030.42 6056.26 2503.51 8770.17 5534.44 0.00 4585.96 6927.21 3518.60 8091.29 2472.39 2802.39 2465.16 9367.57 8533.99 6249.24 8478.35 3203.91 1252.86 5772.79 5198.38 8575.94 4512.64 2411.46 8465.11 10619.22 7695.94 6515.49 6560.57 5358.79 3079.23 4748.83 4434.75 5796.27 7425.40 4143.42 10894.33 3122.05 3969.27 5821.07 4882.82 5120.98 8803.35 3055.29 1119.87 10214.48 3301.15 5333.69 8459.89 5647.96 438.99 2635.92 6935.34 4471.84 7566.02 3740.34 7264.77 6569.81 7897.94 7998.21 7130.43 7930.03 6037.93 7790.83 4612.19 1408.99 7762.53 2561.94 3803.32 6851.14 8429.08 3197.18 5736.59 2263.17 5043.18 5861.46 4989.12 2773.75 5178.20 2578.84 6752.43 9203.68 4862.63 6881.28 5832.41 4378.36 3479.06 5666.48 8471.09 2461.04 
6062.78 2575.39 4557.54 3027.06 4365.78 4234.53 3920.18 4297.60 2148.77 2196.37 5515.48 3223.75 4677.19 1237.51 4821.88 1856.67 1436.40 4377.62 4451.65 2928.33 2890.42 3640.87 2738.89 2980.87 2802.08 4836.20 3163.68 2752.76 4162.11 3101.10 847.68 3465.51 4546.17 4612.52 4632.76 4585.96 0.00 4182.42 1326.15 3724.02 4651.88 3650.88 2971.02 5399.59 4215.33 5454.31 4013.98 4145.34 4185.59 3750.61 1024.92 5162.01 4304.15 5686.66 4324.28 6118.66 3186.09 3690.11 2350.68 4856.65 2145.18 2866.32 1640.99 1235.98 4289.77 4468.39 6625.17 4564.64 1145.05 6208.30 296.88 2880.40 4883.26 3286.79 4840.82 5666.68 4220.03 4317.29 3877.70 4922.28 4828.96 5702.39 2874.68 151.77 3804.68 4754.75 4237.20 2183.39 3743.71 3757.89 4501.55 5586.25 6368.86 3466.12 2450.27 3643.84 3176.83 3281.53 4766.74 3922.91 4192.36 2802.25 1646.79 5600.88 996.87 4226.74 2088.14 2405.20 2962.28 3478.33 3661.62 5772.67 2016.22 5279.35 1280.42 602.08 4868.95 4618.85 4213.29 2997.37 
3339.98 2316.80 6082.37 5466.89 2859.57 1195.66 3007.38 8463.71 2648.78 1986.08 9029.44 1283.74 8361.85 4846.67 648.66 4116.96 3595.99 8278.30 8064.44 6670.35 2031.06 652.76 5284.53 2240.44 4721.85 8751.63 6333.33 1598.95 8224.82 6414.10 4849.98 7522.79 5167.33 7244.70 2358.50 6927.21 4182.42 0.00 5211.00 3319.25 8173.12 4324.35 4462.08 8168.33 3374.25 2626.39 6046.76 4264.17 5849.95 7894.43 3219.26 1809.10 8415.82 8914.30 2865.73 5493.89 5347.09 7646.01 2651.04 9024.02 3974.51 2178.40 5823.08 3775.41 8015.42 3653.74 4925.49 4671.23 5245.49 4111.04 4115.28 7048.08 2622.15 3952.70 7724.52 5491.22 4232.62 2256.85 4760.17 2571.48 7333.78 9026.70 2278.42 4307.47 1717.83 8662.34 480.89 3088.09 6612.90 6468.50 326.47 9518.35 4135.96 3069.63 6632.61 5525.74 4632.61 6959.53 4256.01 322.84 6783.29 3731.44 5362.23 8789.53 3197.06 1533.45 6235.95 6107.48 1753.20 7160.69 7509.13 9073.62 6178.85 1714.23 3728.57 4777.33 8688.17 2192.10 6755.20 6616.87 
6504.03 3871.16 3786.65 3972.36 4702.54 5015.46 4182.25 3627.65 2759.37 3274.05 5622.77 4411.79 3360.86 450.96 5859.66 3073.59 1757.30 4211.03 3127.58 1606.32 4169.24 4743.07 3695.06 4281.58 3933.17 4616.31 3754.45 3936.67 3773.92 3613.91 1524.05 3153.53 4116.67 5287.63 5137.05 3518.60 1326.15 5211.00 0.00 5046.93 3325.74 3404.28 2586.69 5948.30 5540.26 5990.12 4964.28 3985.20 3415.86 3201.16 2286.56 6382.72 3220.84 4373.02 5646.19 7399.68 4197.84 3518.50 3666.43 3896.88 2011.10 3481.50 1131.03 2530.69 4318.56 4562.49 7949.40 4320.10 464.74 6445.68 1589.39 2315.70 6186.20 3161.55 3601.65 6919.66 4081.59 4827.18 5089.17 5397.47 3692.64 4380.78 4176.23 1176.70 5069.29 3499.24 5344.27 3509.34 4407.73 4492.63 5513.14 5301.16 6632.41 4791.90 1756.91 2882.36 4357.50 1956.57 4699.87 4989.83 4926.99 2763.51 2223.22 4292.16 2205.72 4925.47 1769.47 1079.75 3719.29 2154.64 3631.56 6008.64 1645.22 6040.42 2580.56 902.61 3581.74 5167.55 4965.59 1672.38 
6602.62 1565.21 7719.71 2824.18 5650.61 4329.33 5530.51 7076.72 4036.00 2837.30 6521.56 2192.03 8365.96 4928.86 3607.26 2207.78 4340.33 6277.83 8158.99 6636.33 1559.66 2752.49 2784.48 1287.81 2068.01 6723.37 3939.66 2257.50 6517.04 4114.89 3808.85 5888.36 7233.47 4336.32 5401.19 8091.29 3724.02 3319.25 5046.93 0.00 8369.39 6248.96 5929.51 5235.79 507.64 5875.76 3024.62 6482.93 7384.48 6455.11 2903.54 2710.98 7670.68 9408.95 916.35 2589.72 2571.19 5808.92 1542.63 8005.31 5112.53 4212.01 4975.93 2537.30 5824.58 6251.01 2903.30 6951.30 4788.51 7257.63 3458.93 5824.44 1699.65 5809.91 8509.03 2349.86 6502.49 5187.21 1526.75 5673.24 8397.92 9426.32 1330.70 3871.38 1629.92 8343.18 2938.87 1549.81 3943.29 3727.48 3555.60 7449.19 7321.12 321.86 5650.56 6896.41 1721.42 6994.22 6790.95 3024.74 3916.98 5374.18 3777.29 9320.79 3051.45 4592.00 5052.47 6126.62 3877.64 7187.31 5535.51 6391.17 5066.18 5033.43 2482.75 4204.50 8505.02 5269.39 3866.76 6719.29 
8459.74 7168.85 3689.79 6920.22 6720.17 7659.69 6181.66 3921.65 5528.19 6398.86 7084.34 7592.90 490.92 3512.23 8805.86 6323.13 4593.74 5449.34 299.44 1737.95 7448.26 7816.51 6677.86 7581.50 7076.62 5626.40 6314.58 7127.49 4696.67 6101.19 4672.55 4505.18 4796.89 7763.47 7357.35 2472.39 4651.88 8173.12 3325.74 8369.39 0.00 4757.34 4093.44 8158.79 8864.75 8162.81 7846.68 5292.62 3522.47 4024.74 5582.81 9566.06 2332.77 1200.47 8966.38 10662.45 7202.26 4981.48 6982.90 3105.52 4252.15 6110.04 3636.81 5840.60 5901.10 6191.44 11272.63 5348.23 3598.32 8027.02 4910.60 3676.69 9481.05 4835.44 1476.09 10145.97 5400.99 7098.33 8285.38 7537.30 2186.62 1111.33 7477.54 4502.29 8323.84 1323.71 8401.41 6834.97 6967.01 7135.91 8438.65 5990.77 8242.11 8117.35 3357.75 3356.56 7536.52 1377.02 5990.27 8010.42 7524.50 4745.08 5102.85 1187.21 5480.30 7462.94 3943.65 2247.64 6475.92 1190.65 5308.23 7658.71 3847.35 8571.79 5892.85 4174.48 1019.40 7453.67 7583.94 1658.08 
