0.00 4902.23 8969.57 7984.72 7036.43 6772.27 4745.96 2537.53 5583.85 5839.50 3710.45 3613.13 9528.95 7969.32 9217.42 4821.88 9392.54 4272.00 2381.65 8846.20 
4902.23 0.00 4493.04 6560.34 2852.42 2236.93 4595.04 4834.41 6989.30 2806.19 5542.86 3128.09 4684.47 5043.66 4462.11 6145.36 6180.45 2194.20 2584.57 4109.03 
8969.57 4493.04 0.00 5678.13 1952.75 4453.85 6168.29 7874.75 8493.10 6380.00 7950.45 7575.65 1766.92 3213.47 1116.05 7929.31 3203.01 4819.88 6611.75 1018.73 
7984.72 6560.34 5678.13 0.00 4800.95 8246.20 3244.01 5631.83 4042.49 9365.74 4821.27 9031.00 7395.64 2464.92 6741.36 4031.96 3141.87 4701.10 6541.37 6502.37 
7036.43 2852.42 1952.75 4800.95 0.00 3672.65 4430.53 5950.21 6871.24 5266.73 6112.36 5976.35 3055.67 2620.17 2510.33 6218.75 3459.70 2868.51 4698.39 2154.61 
6772.27 2236.93 4453.85 8246.20 3672.65 0.00 6740.92 7049.50 9185.18 2021.12 7779.47 3930.93 3766.11 6277.14 3873.62 8355.63 7079.63 4359.72 4646.46 3638.90 
4745.96 4595.04 6168.29 3244.01 4430.53 6740.92 0.00 2424.21 2501.90 7228.60 1902.76 6278.92 7486.15 3837.45 6928.19 1788.78 5212.82 2401.10 3585.25 6581.14 
2537.53 4834.41 7874.75 5631.83 5950.21 7049.50 2424.21 0.00 3114.92 6835.31 1207.57 5163.30 8863.05 6103.51 8408.02 2304.38 7520.91 3141.11 2603.75 8035.87 
5583.85 6989.30 8493.10 4042.49 6871.24 9185.18 2501.90 3114.92 0.00 9468.65 1907.84 8133.78 9917.80 5729.57 9334.90 883.59 6904.39 4825.95 5422.29 9001.06 
5839.50 2806.19 6380.00 9365.74 5266.73 2021.12 7228.60 6835.31 9468.65 0.00 7799.36 2393.05 5786.64 7728.41 5881.66 8592.02 8724.77 4884.24 4232.99 5629.07 
3710.45 5542.86 7950.45 4821.27 6112.36 7779.47 1902.76 1207.57 1907.84 7799.36 0.00 6289.81 9135.73 5738.60 8620.86 1111.81 7102.44 3549.84 3627.72 8259.48 
3613.13 3128.09 7575.65 9031.00 5976.35 3930.93 6278.92 5163.30 8133.78 2393.05 6289.81 0.00 7469.48 7972.24 7386.39 7255.88 9215.09 4337.62 2734.33 7064.18 
9528.95 4684.47 1766.92 7395.64 3055.67 3766.11 7486.15 8863.05 9917.80 5786.64 9135.73 7469.48 0.00 4941.11 657.50 9274.41 4950.13 5722.07 7153.03 924.81 
7969.32 5043.66 3213.47 2464.92 2620.17 6277.14 3837.45 6103.51 5729.57 7728.41 5738.60 7972.24 4941.11 0.00 4284.84 5364.71 1429.56 3857.27 5965.98 4061.18 
9217.42 4462.11 1116.05 6741.36 2510.33 3873.62 6928.19 8408.02 9334.90 5881.66 8620.86 7386.39 657.50 4284.84 0.00 8712.95 4313.07 5276.59 6835.77 375.37 
4821.88 6145.36 7929.31 4031.96 6218.75 8355.63 1788.78 2304.38 883.59 8592.02 1111.81 7255.88 9274.41 5364.71 8712.95 0.00 6638.32 4005.41 4540.24 8367.87 
9392.54 6180.45 3203.01 3141.87 3459.70 7079.63 5212.82 7520.91 6904.39 8724.77 7102.44 9215.09 4950.13 1429.56 4313.07 6638.32 0.00 5236.40 7347.45 4202.83 
4272.00 2194.20 4819.88 4701.10 2868.51 4359.72 2401.10 3141.11 4825.95 4884.24 3549.84 4337.62 5722.07 3857.27 5276.59 4005.41 5236.40 0.00 2111.39 4902.90 
2381.65 2584.57 6611.75 6541.37 4698.39 4646.46 3585.25 2603.75 5422.29 4232.99 3627.72 2734.33 7153.03 5965.98 6835.77 4540.24 7347.45 2111.39 0.00 6464.65 
8846.20 4109.03 1018.73 6502.37 2154.61 3638.90 6581.14 8035.87 9001.06 5629.07 8259.48 7064.18 924.81 4061.18 375.37 8367.87 4202.83 4902.90 6464.65 0.00 
